0.000000 0.000000
0.001277 32.124000
0.002553 33.318000
0.003830 33.318000
0.005106 33.318000
0.006383 33.318000
0.007660 33.318000
0.008936 33.318000
0.010213 33.318000
0.011490 33.318000
0.012766 33.318000
0.014043 33.059000
0.015319 32.157000
0.016596 30.909000
0.017873 29.624000
0.019149 28.333000
0.020426 24.172000
0.021703 22.950000
0.022979 22.050000
0.024256 21.394000
0.025532 20.938000
0.026809 20.619000
0.028086 20.378000
0.029362 20.227000
0.030639 20.127000
0.031916 20.022000
0.033192 19.936000
0.034469 19.877000
0.035745 19.812000
0.037022 19.762000
0.038299 19.685000
0.039575 19.627000
0.040852 19.572000
0.042129 19.518000
0.043405 19.466000
0.044682 19.430000
0.045958 19.404000
0.047235 19.378000
0.048512 19.346000
0.049788 19.343000
0.051065 19.337000
0.052342 19.326000
0.053618 19.296000
0.054895 19.268000
0.056171 19.247000
0.057448 19.222000
0.058725 19.175000
0.060001 19.137000
0.061278 19.111000
0.062555 19.085000
0.063831 19.051000
0.065108 19.034000
0.066384 19.034000
0.067661 19.027000
0.068938 19.010000
0.070214 19.007000
0.071491 18.983000
0.072768 18.976000
0.074044 18.955000
0.075321 18.944000
0.076597 18.920000
0.077874 18.880000
0.079151 18.854000
0.080427 18.828000
0.081704 18.798000
0.082981 18.779000
0.084257 18.776000
0.085534 18.779000
0.086810 18.776000
0.088087 18.776000
0.089364 18.741000
0.090640 18.725000
0.091917 18.706000
0.093193 18.702000
0.094470 18.702000
0.095747 18.698000
0.097023 18.670000
0.098300 18.658000
0.099577 18.642000
0.100853 18.621000
0.102130 18.601000
0.103406 18.601000
0.104683 18.580000
0.105960 18.572000
0.107236 18.572000
0.108513 18.555000
0.109790 18.542000
0.111066 18.534000
0.112343 18.525000
0.113619 18.516000
0.114896 18.516000
0.116173 18.538000
0.117449 18.516000
0.118726 18.516000
0.120003 18.490000
0.121279 18.455000
0.122556 18.455000
0.123832 18.447000
0.125109 18.438000
0.126386 18.420000
0.127662 18.424000
0.128939 18.442000
0.130216 18.447000
0.131492 18.442000
0.132769 18.415000
0.134045 18.393000
0.135322 18.374000
0.136599 18.365000
0.137875 18.347000
0.139152 18.342000
0.140429 18.351000
0.141705 18.342000
0.142982 18.323000
0.144258 18.318000
0.145535 18.304000
0.146812 18.280000
0.148088 18.247000
0.149365 18.271000
0.150642 18.261000
0.151918 18.271000
0.153195 18.261000
0.154471 18.252000
0.155748 18.232000
0.157025 18.232000
0.158301 18.217000
0.159578 18.237000
0.160855 18.212000
0.162131 18.217000
0.163408 18.197000
0.164684 18.187000
0.165961 18.147000
0.167238 18.142000
0.168514 18.137000
0.169791 18.132000
0.171068 18.106000
0.172344 18.116000
0.173621 18.106000
0.174897 18.106000
0.176174 18.111000
0.177451 18.095000
0.178727 18.059000
0.180004 18.053000
0.181280 18.037000
0.182557 18.037000
0.183834 18.032000
0.185110 18.053000
0.186387 18.048000
0.187664 18.043000
0.188940 18.032000
0.190217 18.048000
0.191493 18.037000
0.192770 18.043000
0.194047 18.032000
0.195323 18.016000
0.196600 17.983000
0.197877 17.977000
0.199153 17.944000
0.200430 17.944000
0.201706 17.944000
0.202983 17.961000
0.204260 17.955000
0.205536 17.933000
0.206813 17.922000
0.208090 17.944000
0.209366 17.950000
0.210643 17.961000
0.211919 17.933000
0.213196 17.916000
0.214473 17.922000
0.215749 17.927000
0.217026 17.905000
0.218303 17.905000
0.219579 17.876000
0.220856 17.876000
0.222132 17.859000
0.223409 17.859000
0.224686 17.864000
0.225962 17.864000
0.227239 17.859000
0.228516 17.864000
0.229792 17.841000
0.231069 17.841000
0.232345 17.823000
0.233622 17.835000
0.234899 17.811000
0.236175 17.835000
0.237452 17.817000
0.238729 17.805000
0.240005 17.794000
0.241282 17.788000
0.242558 17.794000
0.243835 17.794000
0.245112 17.751000
0.246388 17.745000
0.247665 17.739000
0.248942 17.769000
0.250218 17.763000
0.251495 17.775000
0.252771 17.769000
0.254048 17.757000
0.255325 17.733000
0.256601 17.733000
0.257878 17.714000
0.259155 17.708000
0.260431 17.683000
0.261708 17.702000
0.262984 17.720000
0.264261 17.720000
0.265538 17.695000
0.266814 17.689000
0.268091 17.695000
0.269367 17.720000
0.270644 17.683000
0.271921 17.683000
0.273197 17.676000
0.274474 17.651000
0.275751 17.645000
0.277027 17.676000
0.278304 17.651000
0.279580 17.657000
0.280857 17.657000
0.282134 17.632000
0.283410 17.612000
0.284687 17.619000
0.285964 17.619000
0.287240 17.645000
0.288517 17.632000
0.289793 17.657000
0.291070 17.638000
0.292347 17.632000
0.293623 17.619000
0.294900 17.599000
0.296177 17.606000
0.297453 17.579000
0.298730 17.553000
0.300006 17.586000
0.301283 17.612000
0.302560 17.606000
0.303836 17.586000
0.305113 17.606000
0.306390 17.553000
0.307666 17.519000
0.308943 17.526000
0.310219 17.546000
0.311496 17.559000
0.312773 17.559000
0.314049 17.559000
0.315326 17.559000
0.316603 17.526000
0.317879 17.533000
0.319156 17.526000
0.320432 17.553000
0.321709 17.533000
0.322986 17.533000
0.324262 17.505000
0.325539 17.492000
0.326816 17.505000
0.328092 17.505000
0.329369 17.485000
0.330645 17.492000
0.331922 17.485000
0.333199 17.512000
0.334475 17.505000
0.335752 17.519000
0.337029 17.485000
0.338305 17.478000
0.339582 17.492000
0.340858 17.492000
0.342135 17.478000
0.343412 17.478000
0.344688 17.450000
0.345965 17.464000
0.347242 17.457000
0.348518 17.478000
0.349795 17.436000
0.351071 17.471000
0.352348 17.450000
0.353625 17.429000
0.354901 17.414000
0.356178 17.414000
0.357454 17.429000
0.358731 17.457000
0.360008 17.436000
0.361284 17.407000
0.362561 17.407000
0.363838 17.421000
0.365114 17.407000
0.366391 17.393000
0.367667 17.386000
0.368944 17.421000
0.370221 17.371000
0.371497 17.342000
0.372774 17.364000
0.374051 17.400000
0.375327 17.386000
0.376604 17.386000
0.377880 17.364000
0.379157 17.386000
0.380434 17.393000
0.381710 17.386000
0.382987 17.378000
0.384264 17.386000
0.385540 17.342000
0.386817 17.342000
0.388093 17.319000
0.389370 17.327000
0.390647 17.364000
0.391923 17.400000
0.393200 17.378000
0.394477 17.371000
0.395753 17.356000
0.397030 17.327000
0.398306 17.289000
0.399583 17.289000
0.400860 17.312000
0.402136 17.342000
0.403413 17.349000
0.404690 17.342000
0.405966 17.327000
0.407243 17.319000
0.408519 17.319000
0.409796 17.312000
0.411073 17.289000
0.412349 17.312000
0.413626 17.319000
0.414903 17.342000
0.416179 17.312000
0.417456 17.312000
0.418732 17.289000
0.420009 17.297000
0.421286 17.289000
0.422562 17.282000
0.423839 17.297000
0.425116 17.304000
0.426392 17.297000
0.427669 17.297000
0.428945 17.297000
0.430222 17.312000
0.431499 17.267000
0.432775 17.282000
0.434052 17.267000
0.435329 17.251000
0.436605 17.236000
0.437882 17.244000
0.439158 17.212000
0.440435 17.228000
0.441712 17.244000
0.442988 17.289000
0.444265 17.244000
0.445541 17.236000
0.446818 17.251000
0.448095 17.251000
0.449371 17.244000
0.450648 17.236000
0.451925 17.212000
0.453201 17.228000
0.454478 17.251000
0.455754 17.236000
0.457031 17.205000
0.458308 17.212000
0.459584 17.212000
0.460861 17.205000
0.462138 17.205000
0.463414 17.228000
0.464691 17.189000
0.465967 17.181000
0.467244 17.141000
0.468521 17.181000
0.469797 17.189000
0.471074 17.220000
0.472351 17.244000
0.473627 17.244000
0.474904 17.212000
0.476180 17.181000
0.477457 17.173000
0.478734 17.181000
0.480010 17.181000
0.481287 17.189000
0.482564 17.189000
0.483840 17.205000
0.485117 17.189000
0.486393 17.181000
0.487670 17.189000
0.488947 17.189000
0.490223 17.141000
0.491500 17.141000
0.492777 17.157000
0.494053 17.157000
0.495330 17.173000
0.496606 17.173000
0.497883 17.133000
0.499160 17.165000
0.500436 17.141000
0.501713 17.133000
0.502990 17.100000
0.504266 17.108000
0.505543 17.100000
0.506819 17.124000
0.508096 17.133000
0.509373 17.149000
0.510649 17.157000
0.511926 17.149000
0.513203 17.149000
0.514479 17.149000
0.515756 17.157000
0.517032 17.141000
0.518309 17.116000
0.519586 17.141000
0.520862 17.141000
0.522139 17.157000
0.523416 17.133000
0.524692 17.108000
0.525969 17.100000
0.527245 17.157000
0.528522 17.157000
0.529799 17.124000
0.531075 17.066000
0.532352 17.091000
0.533628 17.124000
0.534905 17.133000
0.536182 17.091000
0.537458 17.116000
0.538735 17.100000
0.540012 17.100000
0.541288 17.091000
0.542565 17.116000
0.543841 17.075000
0.545118 17.091000
0.546395 17.091000
0.547671 17.066000
0.548948 17.033000
0.550225 17.066000
0.551501 17.083000
0.552778 17.083000
0.554054 17.066000
0.555331 17.058000
0.556608 17.041000
0.557884 17.075000
0.559161 17.083000
0.560438 17.091000
0.561714 17.075000
0.562991 17.041000
0.564267 17.041000
0.565544 17.083000
0.566821 17.033000
0.568097 17.024000
0.569374 17.033000
0.570651 17.016000
0.571927 17.024000
0.573204 17.041000
0.574480 17.007000
0.575757 17.058000
0.577034 17.066000
0.578310 17.091000
0.579587 17.066000
0.580864 17.066000
0.582140 17.050000
0.583417 17.041000
0.584693 17.024000
0.585970 17.050000
0.587247 17.033000
0.588523 17.007000
0.589800 16.981000
0.591077 16.990000
0.592353 16.981000
0.593630 17.041000
0.594906 17.075000
0.596183 17.083000
0.597460 17.041000
0.598736 17.033000
0.600013 17.007000
0.601290 17.041000
0.602566 17.016000
0.603843 17.041000
0.605119 17.016000
0.606396 17.050000
0.607673 17.050000
0.608949 17.058000
0.610226 17.050000
0.611503 17.075000
0.612779 17.066000
0.614056 17.058000
0.615332 16.990000
0.616609 17.033000
0.617886 17.033000
0.619162 17.050000
0.620439 17.007000
0.621715 17.033000
0.622992 17.058000
0.624269 17.058000
0.625545 17.041000
0.626822 17.024000
0.628099 17.024000
0.629375 17.033000
0.630652 17.033000
0.631928 17.033000
0.633205 17.007000
0.634482 17.024000
0.635758 17.024000
0.637035 17.024000
0.638312 17.033000
0.639588 17.033000
0.640865 16.990000
0.642141 16.981000
0.643418 17.007000
0.644695 17.050000
0.645971 17.050000
0.647248 17.041000
0.648525 16.998000
0.649801 17.016000
0.651078 16.972000
0.652354 16.981000
0.653631 16.972000
0.654908 17.007000
0.656184 16.972000
0.657461 16.955000
0.658738 16.990000
0.660014 17.033000
0.661291 17.016000
0.662567 17.016000
0.663844 16.990000
0.665121 16.998000
0.666397 17.007000
0.667674 16.998000
0.668951 16.981000
0.670227 17.007000
0.671504 17.007000
0.672780 16.998000
0.674057 16.963000
0.675334 16.972000
0.676610 16.919000
0.677887 16.946000
0.679164 16.937000
0.680440 16.946000
0.681717 16.928000
0.682993 16.972000
0.684270 16.990000
0.685547 16.998000
0.686823 16.972000
0.688100 16.981000
0.689377 16.955000
0.690653 16.928000
0.691930 16.937000
0.693206 16.981000
0.694483 16.981000
0.695760 16.946000
0.697036 16.919000
0.698313 16.955000
0.699590 16.946000
0.700866 16.919000
0.702143 16.937000
0.703419 16.963000
0.704696 16.946000
0.705973 16.955000
0.707249 16.963000
0.708526 16.972000
0.709802 16.937000
0.711079 16.972000
0.712356 16.955000
0.713632 16.928000
0.714909 16.946000
0.716186 16.955000
0.717462 16.919000
0.718739 16.937000
0.720015 16.910000
0.721292 16.874000
0.722569 16.846000
0.723845 16.892000
0.725122 16.937000
0.726399 16.946000
0.727675 16.883000
0.728952 16.874000
0.730228 16.883000
0.731505 16.937000
0.732782 16.946000
0.734058 16.919000
0.735335 16.883000
0.736612 16.928000
0.737888 16.910000
0.739165 16.937000
0.740441 16.919000
0.741718 16.963000
0.742995 16.955000
0.744271 16.928000
0.745548 16.901000
0.746825 16.937000
0.748101 16.919000
0.749378 16.937000
0.750654 16.901000
0.751931 16.937000
0.753208 16.937000
0.754484 16.919000
0.755761 16.883000
0.757038 16.892000
0.758314 16.865000
0.759591 16.910000
0.760867 16.928000
0.762144 16.919000
0.763421 16.874000
0.764697 16.855000
0.765974 16.855000
0.767251 16.901000
0.768527 16.883000
0.769804 16.892000
0.771080 16.855000
0.772357 16.874000
0.773634 16.910000
0.774910 16.892000
0.776187 16.865000
0.777464 16.846000
0.778740 16.855000
0.780017 16.892000
0.781293 16.883000
0.782570 16.892000
0.783847 16.874000
0.785123 16.865000
0.786400 16.865000
0.787677 16.883000
0.788953 16.901000
0.790230 16.855000
0.791506 16.837000
0.792783 16.855000
0.794060 16.846000
0.795336 16.846000
0.796613 16.855000
0.797889 16.855000
0.799166 16.827000
0.800443 16.901000
0.801719 16.919000
0.802996 16.910000
0.804273 16.910000
0.805549 16.919000
0.806826 16.865000
0.808102 16.874000
0.809379 16.892000
0.810656 16.865000
0.811932 16.883000
0.813209 16.892000
0.814486 16.846000
0.815762 16.837000
0.817039 16.827000
0.818315 16.837000
0.819592 16.837000
0.820869 16.874000
0.822145 16.855000
0.823422 16.874000
0.824699 16.865000
0.825975 16.865000
0.827252 16.855000
0.828528 16.855000
0.829805 16.837000
0.831082 16.865000
0.832358 16.855000
0.833635 16.892000
0.834912 16.846000
0.836188 16.799000
0.837465 16.771000
0.838741 16.818000
0.840018 16.827000
0.841295 16.827000
0.842571 16.799000
0.843848 16.827000
0.845125 16.827000
0.846401 16.855000
0.847678 16.846000
0.848954 16.837000
0.850231 16.799000
0.851508 16.837000
0.852784 16.818000
0.854061 16.809000
0.855338 16.846000
0.856614 16.846000
0.857891 16.827000
0.859167 16.827000
0.860444 16.780000
0.861721 16.799000
0.862997 16.799000
0.864274 16.818000
0.865551 16.790000
0.866827 16.818000
0.868104 16.837000
0.869380 16.846000
0.870657 16.837000
0.871934 16.874000
0.873210 16.837000
0.874487 16.799000
0.875764 16.790000
0.877040 16.799000
0.878317 16.790000
0.879593 16.818000
0.880870 16.818000
0.882147 16.855000
0.883423 16.837000
0.884700 16.809000
0.885976 16.827000
0.887253 16.865000
0.888530 16.799000
0.889806 16.827000
0.891083 16.799000
0.892360 16.799000
0.893636 16.790000
0.894913 16.837000
0.896189 16.818000
0.897466 16.846000
0.898743 16.818000
0.900019 16.809000
0.901296 16.790000
0.902573 16.818000
0.903849 16.809000
0.905126 16.799000
0.906402 16.809000
0.907679 16.799000
0.908956 16.790000
0.910232 16.799000
0.911509 16.780000
0.912786 16.790000
0.914062 16.780000
0.915339 16.771000
0.916615 16.790000
0.917892 16.809000
0.919169 16.799000
0.920445 16.809000
0.921722 16.799000
0.922999 16.818000
0.924275 16.809000
0.925552 16.818000
0.926828 16.790000
0.928105 16.818000
0.929382 16.790000
0.930658 16.780000
0.931935 16.780000
0.933212 16.790000
0.934488 16.771000
0.935765 16.771000
0.937041 16.751000
0.938318 16.761000
0.939595 16.742000
0.940871 16.771000
0.942148 16.761000
0.943425 16.780000
0.944701 16.761000
0.945978 16.771000
0.947254 16.790000
0.948531 16.790000
0.949808 16.771000
0.951084 16.771000
0.952361 16.761000
0.953638 16.761000
0.954914 16.780000
0.956191 16.809000
0.957467 16.761000
0.958744 16.780000
0.960021 16.761000
0.961297 16.771000
0.962574 16.761000
0.963851 16.761000
0.965127 16.780000
0.966404 16.809000
0.967680 16.809000
0.968957 16.799000
0.970234 16.761000
0.971510 16.771000
0.972787 16.751000
0.974063 16.761000
0.975340 16.780000
0.976617 16.790000
0.977893 16.742000
0.979170 16.751000
0.980447 16.751000
0.981723 16.742000
0.983000 16.732000
0.984276 16.761000
0.985553 16.771000
0.986830 16.818000
0.988106 16.742000
0.989383 16.771000
0.990660 16.790000
0.991936 16.790000
0.993213 16.809000
0.994489 16.799000
0.995766 16.780000
0.997043 16.771000
0.998319 16.732000
0.999596 16.751000
1.000873 16.751000
1.002149 16.761000
1.003426 16.742000
1.004702 16.790000
1.005979 16.771000
1.007256 16.732000
1.008532 16.702000
1.009809 16.692000
1.011086 16.712000
1.012362 16.771000
1.013639 16.751000
1.014915 16.751000
1.016192 16.742000
1.017469 16.751000
1.018745 16.742000
1.020022 16.780000
1.021299 16.771000
1.022575 16.751000
1.023852 16.722000
1.025128 16.751000
1.026405 16.742000
1.027682 16.761000
1.028958 16.761000
1.030235 16.780000
1.031512 16.771000
1.032788 16.771000
1.034065 16.722000
1.035341 16.702000
1.036618 16.652000
1.037895 16.662000
1.039171 16.702000
1.040448 16.722000
1.041725 16.742000
1.043001 16.732000
1.044278 16.722000
1.045554 16.732000
1.046831 16.722000
1.048108 16.732000
1.049384 16.722000
1.050661 16.722000
1.051938 16.692000
1.053214 16.712000
1.054491 16.722000
1.055767 16.761000
1.057044 16.712000
1.058321 16.732000
1.059597 16.682000
1.060874 16.722000
1.062150 16.780000
1.063427 31.228000
1.064704 33.142000
1.065980 33.318000
1.067257 33.318000
1.068534 33.318000
1.069810 33.318000
1.071087 33.318000
1.072363 33.318000
1.073640 33.318000
1.074917 33.318000
1.076193 33.197000
1.077470 32.393000
1.078747 31.165000
1.080023 29.868000
1.081300 28.563000
1.082576 24.326000
1.083853 22.933000
1.085130 21.846000
1.086406 21.034000
1.087683 20.432000
1.088960 19.989000
1.090236 19.672000
1.091513 19.452000
1.092789 19.268000
1.094066 19.137000
1.095343 19.010000
1.096619 18.912000
1.097896 18.806000
1.099173 18.710000
1.100449 18.609000
1.101726 18.521000
1.103002 18.429000
1.104279 18.365000
1.105556 18.290000
1.106832 18.247000
1.108109 18.197000
1.109386 18.177000
1.110662 18.147000
1.111939 18.132000
1.113215 18.111000
1.114492 18.095000
1.115769 18.059000
1.117045 18.032000
1.118322 17.983000
1.119599 17.944000
1.120875 17.887000
1.122152 17.841000
1.123428 17.788000
1.124705 17.745000
1.125982 17.702000
1.127258 17.676000
1.128535 17.651000
1.129812 17.645000
1.131088 17.625000
1.132365 17.619000
1.133641 17.606000
1.134918 17.593000
1.136195 17.566000
1.137471 17.559000
1.138748 17.519000
1.140025 17.498000
1.141301 17.457000
1.142578 17.429000
1.143854 17.386000
1.145131 17.364000
1.146408 17.327000
1.147684 17.319000
1.148961 17.289000
1.150237 17.282000
1.151514 17.259000
1.152791 17.251000
1.154067 17.236000
1.155344 17.228000
1.156621 17.205000
1.157897 17.205000
1.159174 17.165000
1.160450 17.157000
1.161727 17.116000
1.163004 17.100000
1.164280 17.066000
1.165557 17.050000
1.166834 17.016000
1.168110 17.007000
1.169387 16.972000
1.170663 16.972000
1.171940 16.946000
1.173217 16.937000
1.174493 16.919000
1.175770 16.910000
1.177047 16.883000
1.178323 16.883000
1.179600 16.837000
1.180876 16.837000
1.182153 16.799000
1.183430 16.780000
1.184706 16.751000
1.185983 16.742000
1.187260 16.712000
1.188536 16.702000
1.189813 16.662000
1.191089 16.672000
1.192366 16.642000
1.193643 16.642000
1.194919 16.611000
1.196196 16.601000
1.197473 16.569000
1.198749 16.569000
1.200026 16.527000
1.201302 16.527000
1.202579 16.483000
1.203856 16.483000
1.205132 16.450000
1.206409 16.450000
1.207686 16.405000
1.208962 16.405000
1.210239 16.382000
1.211515 16.371000
1.212792 16.348000
1.214069 16.348000
1.215345 16.312000
1.216622 16.312000
1.217899 16.276000
1.219175 16.276000
1.220452 16.240000
1.221728 16.252000
1.223005 16.215000
1.224282 16.203000
1.225558 16.178000
1.226835 16.178000
1.228112 16.139000
1.229388 16.152000
1.230665 16.114000
1.231941 16.127000
1.233218 16.087000
1.234495 16.087000
1.235771 16.061000
1.237048 16.061000
1.238324 16.021000
1.239601 16.034000
1.240878 15.993000
1.242154 15.993000
1.243431 15.966000
1.244708 15.952000
1.245984 15.923000
1.247261 15.923000
1.248537 15.895000
1.249814 15.895000
1.251091 15.880000
1.252367 15.880000
1.253644 15.851000
1.254921 15.851000
1.256197 15.822000
1.257474 15.822000
1.258750 15.777000
1.260027 15.792000
1.261304 15.746000
1.262580 15.746000
1.263857 15.715000
1.265134 15.715000
1.266410 15.699000
1.267687 15.699000
1.268963 15.652000
1.270240 15.668000
1.271517 15.636000
1.272793 15.636000
1.274070 15.586000
1.275347 15.603000
1.276623 15.570000
1.277900 15.570000
1.279176 15.536000
1.280453 15.536000
1.281730 15.485000
1.283006 15.502000
1.284283 15.467000
1.285560 15.467000
1.286836 15.432000
1.288113 15.432000
1.289389 15.396000
1.290666 15.414000
1.291943 15.378000
1.293219 15.378000
1.294496 15.359000
1.295773 15.341000
1.297049 15.322000
1.298326 15.322000
1.299602 15.285000
1.300879 15.285000
1.302156 15.246000
1.303432 15.265000
1.304709 15.227000
1.305986 15.227000
1.307262 15.187000
1.308539 15.207000
1.309815 15.167000
1.311092 15.167000
1.312369 15.147000
1.313645 15.147000
1.314922 15.106000
1.316199 15.127000
1.317475 15.106000
1.318752 15.106000
1.320028 15.064000
1.321305 15.064000
1.322582 15.043000
1.323858 15.043000
1.325135 15.000000
1.326412 15.022000
1.327688 14.978000
1.328965 14.989000
1.330241 14.956000
1.331518 14.978000
1.332795 14.932000
1.334071 14.947000
1.335348 14.905000
1.336624 14.923000
1.337901 14.884000
1.339178 14.895000
1.340454 14.859000
1.341731 14.877000
1.343008 14.819000
1.344284 14.856000
1.345561 14.802000
1.346837 14.798000
1.348114 14.771000
1.349391 14.790000
1.350667 14.742000
1.351944 14.752000
1.353221 14.710000
1.354497 14.737000
1.355774 14.698000
1.357050 14.708000
1.358327 14.670000
1.359604 14.690000
1.360880 14.637000
1.362157 14.662000
1.363434 14.603000
1.364710 14.632000
1.365987 14.588000
1.367263 14.598000
1.368540 14.564000
1.369817 14.564000
1.371093 14.532000
1.372370 14.548000
1.373647 14.502000
1.374923 14.518000
1.376200 14.483000
1.377476 14.499000
1.378753 14.460000
1.380030 14.466000
1.381306 14.413000
1.382583 14.455000
1.383860 14.387000
1.385136 14.424000
1.386413 14.367000
1.387689 14.387000
1.388966 14.343000
1.390243 14.369000
1.391519 14.323000
1.392796 14.340000
1.394073 14.293000
1.395349 14.328000
1.396626 14.272000
1.397902 14.296000
1.399179 14.256000
1.400456 14.278000
1.401732 14.232000
1.403009 14.256000
1.404286 14.194000
1.405562 14.241000
1.406839 14.197000
1.408115 14.201000
1.409392 14.147000
1.410669 14.172000
1.411945 14.114000
1.413222 14.156000
1.414499 14.111000
1.415775 14.137000
1.417052 14.088000
1.418328 14.098000
1.419605 14.051000
1.420882 14.088000
1.422158 14.010000
1.423435 14.068000
1.424711 14.000000
1.425988 14.038000
1.427265 13.969000
1.428541 14.000000
1.429818 13.969000
1.431095 13.983000
1.432371 13.923000
1.433648 13.965000
1.434924 13.898000
1.436201 13.934000
1.437478 13.869000
1.438754 13.920000
1.440031 13.865000
1.441308 13.883000
1.442584 13.828000
1.443861 13.869000
1.445137 13.795000
1.446414 13.836000
1.447691 13.779000
1.448967 13.825000
1.450244 13.776000
1.451521 13.795000
1.452797 13.733000
1.454074 13.787000
1.455350 13.718000
1.456627 13.764000
1.457904 13.690000
1.459180 13.721000
1.460457 13.670000
1.461734 13.733000
1.463010 13.650000
1.464287 13.702000
1.465563 13.617000
1.466840 13.674000
1.468117 13.584000
1.469393 13.634000
1.470670 13.567000
1.471947 13.621000
1.473223 13.542000
1.474500 13.605000
1.475776 13.538000
1.477053 13.567000
1.478330 13.504000
1.479606 13.555000
1.480883 13.482000
1.482160 13.525000
1.483436 13.460000
1.484713 13.516000
1.485989 13.420000
1.487266 13.477000
1.488543 13.424000
1.489819 13.473000
1.491096 13.397000
1.492373 13.451000
1.493649 13.388000
1.494926 13.433000
1.496202 13.351000
1.497479 13.406000
1.498756 13.342000
1.500032 13.370000
1.501309 13.314000
1.502586 13.356000
1.503862 13.256000
1.505139 13.365000
1.506415 13.252000
1.507692 13.333000
1.508969 13.247000
1.510245 13.300000
1.511522 13.232000
1.512798 13.247000
1.514075 13.202000
1.515352 13.256000
1.516628 13.172000
1.517905 13.242000
1.519182 13.162000
1.520458 13.207000
1.521735 13.147000
1.523011 13.177000
1.524288 13.116000
1.525565 13.187000
1.526841 13.085000
1.528118 13.132000
1.529395 13.080000
1.530671 13.095000
1.531948 13.069000
1.533224 13.101000
1.534501 13.016000
1.535778 13.085000
1.537054 13.005000
1.538331 13.053000
1.539608 12.988000
1.540884 13.059000
1.542161 12.972000
1.543437 13.021000
1.544714 12.922000
1.545991 13.005000
1.547267 12.905000
1.548544 12.994000
1.549821 12.916000
1.551097 12.933000
1.552374 12.864000
1.553650 12.933000
1.554927 12.835000
1.556204 12.899000
1.557480 12.829000
1.558757 12.905000
1.560034 12.782000
1.561310 12.864000
1.562587 12.811000
1.563863 12.859000
1.565140 12.775000
1.566417 12.841000
1.567693 12.727000
1.568970 12.817000
1.570247 12.739000
1.571523 12.800000
1.572800 12.708000
1.574076 12.745000
1.575353 12.683000
1.576630 12.751000
1.577906 12.670000
1.579183 12.739000
1.580460 12.638000
1.581736 12.708000
1.583013 12.645000
1.584289 12.689000
1.585566 12.559000
1.586843 12.727000
1.588119 12.566000
1.589396 12.645000
1.590673 12.546000
1.591949 12.625000
1.593226 12.559000
1.594502 12.606000
1.595779 12.492000
1.597056 12.579000
1.598332 12.498000
1.599609 12.612000
1.600885 12.485000
1.602162 12.566000
1.603439 12.512000
1.604715 12.539000
1.605992 12.429000
1.607269 12.546000
1.608545 12.421000
1.609822 12.519000
1.611098 12.421000
1.612375 12.464000
1.613652 12.371000
1.614928 12.478000
1.616205 12.356000
1.617482 12.471000
1.618758 12.349000
1.620035 12.400000
1.621311 12.304000
1.622588 12.414000
1.623865 12.304000
1.625141 12.371000
1.626418 12.244000
1.627695 12.400000
1.628971 12.251000
1.630248 12.386000
1.631524 12.212000
1.632801 12.304000
1.634078 12.244000
1.635354 12.334000
1.636631 12.189000
1.637908 12.304000
1.639184 12.189000
1.640461 12.267000
1.641737 12.173000
1.643014 12.251000
1.644291 12.173000
1.645567 12.251000
1.646844 12.100000
1.648121 12.244000
1.649397 12.091000
1.650674 12.197000
1.651950 12.083000
1.653227 12.197000
1.654504 12.058000
1.655780 12.173000
1.657057 12.050000
1.658334 12.181000
1.659610 12.033000
1.660887 12.149000
1.662163 12.024000
1.663440 12.091000
1.664717 12.007000
1.665993 12.075000
1.667270 11.946000
1.668547 12.116000
1.669823 11.928000
1.671100 12.091000
1.672376 11.910000
1.673653 12.041000
1.674930 11.919000
1.676206 12.033000
1.677483 11.883000
1.678760 11.981000
1.680036 11.892000
1.681313 11.998000
1.682589 11.818000
1.683866 11.963000
1.685143 11.846000
1.686419 11.981000
1.687696 11.818000
1.688972 11.981000
1.690249 11.780000
1.691526 11.910000
1.692802 11.771000
1.694079 11.892000
1.695356 11.790000
1.696632 11.865000
1.697909 11.692000
1.699185 11.883000
1.700462 11.732000
1.701739 11.846000
1.703015 11.712000
1.704292 11.855000
1.705569 11.751000
1.706845 11.799000
1.708122 11.652000
1.709398 11.799000
1.710675 11.632000
1.711952 11.780000
1.713228 11.621000
1.714505 11.761000
1.715782 11.611000
1.717058 11.780000
1.718335 11.611000
1.719611 11.712000
1.720888 11.559000
1.722165 11.682000
1.723441 11.527000
1.724718 11.682000
1.725995 11.569000
1.727271 11.642000
1.728548 11.494000
1.729824 11.692000
1.731101 11.527000
1.732378 11.652000
1.733654 11.461000
1.734931 11.601000
1.736208 11.461000
1.737484 11.601000
1.738761 11.461000
1.740037 11.559000
1.741314 11.428000
1.742591 11.548000
1.743867 11.405000
1.745144 11.527000
1.746421 11.416000
1.747697 11.580000
1.748974 11.348000
1.750250 11.559000
1.751527 11.252000
1.752804 11.527000
1.754080 11.348000
1.755357 11.483000
1.756634 11.394000
1.757910 11.439000
1.759187 11.300000
1.760463 11.439000
1.761740 11.288000
1.763017 11.439000
1.764293 11.324000
1.765570 11.416000
1.766847 11.252000
1.768123 11.405000
1.769400 11.264000
1.770676 11.494000
1.771953 11.264000
1.773230 11.428000
1.774506 11.215000
1.775783 11.359000
1.777059 11.178000
1.778336 11.359000
1.779613 11.178000
1.780889 11.371000
1.782166 11.178000
1.783443 11.300000
1.784719 11.165000
1.785996 11.312000
1.787272 11.152000
1.788549 11.312000
1.789826 11.074000
1.791102 11.264000
1.792379 11.114000
1.793656 11.264000
1.794932 11.127000
1.796209 11.264000
1.797485 11.087000
1.798762 11.228000
1.800039 11.061000
1.801315 11.215000
1.802592 11.061000
1.803869 11.228000
1.805145 10.993000
1.806422 11.190000
1.807698 11.007000
1.808975 11.178000
1.810252 10.938000
1.811528 11.190000
1.812805 10.966000
1.814082 11.152000
1.815358 10.966000
1.816635 11.127000
1.817911 10.938000
1.819188 11.114000
1.820465 10.966000
1.821741 11.101000
1.823018 10.909000
1.824295 11.061000
1.825571 10.952000
1.826848 11.087000
1.828124 10.895000
1.829401 11.034000
1.830678 10.792000
1.831954 11.114000
1.833231 10.684000
1.834508 11.074000
1.835784 10.822000
1.837061 11.007000
1.838337 10.851000
1.839614 10.993000
1.840891 10.851000
1.842167 10.993000
1.843444 10.715000
1.844721 10.938000
1.845997 10.761000
1.847274 10.952000
1.848550 10.777000
1.849827 10.938000
1.851104 10.715000
1.852380 10.938000
1.853657 10.652000
1.854934 10.923000
1.856210 10.731000
1.857487 10.880000
1.858763 10.746000
1.860040 10.866000
1.861317 10.570000
1.862593 10.895000
1.863870 10.652000
1.865146 10.866000
1.866423 10.619000
1.867700 10.837000
1.868976 10.586000
1.870253 10.807000
1.871530 10.536000
1.872806 10.851000
1.874083 10.553000
1.875359 10.792000
1.876636 10.553000
1.877913 10.807000
1.879189 10.619000
1.880466 10.731000
1.881743 10.536000
1.883019 10.792000
1.884296 10.586000
1.885572 10.792000
1.886849 10.467000
1.888126 10.619000
1.889402 10.485000
1.890679 10.715000
1.891956 10.467000
1.893232 10.792000
1.894509 10.396000
1.895785 10.684000
1.897062 10.485000
1.898339 10.715000
1.899615 10.485000
1.900892 10.619000
1.902169 10.378000
1.903445 10.652000
1.904722 10.450000
1.905998 10.652000
1.907275 10.303000
1.908552 10.553000
1.909828 10.450000
1.911105 10.603000
1.912382 10.246000
1.913658 10.668000
1.914935 10.303000
1.916211 10.619000
1.917488 10.285000
1.918765 10.570000
1.920041 10.227000
1.921318 10.519000
1.922595 10.303000
1.923871 10.536000
1.925148 10.207000
1.926424 10.502000
1.927701 10.246000
1.928978 10.536000
1.930254 10.303000
1.931531 10.502000
1.932808 10.246000
1.934084 10.467000
1.935361 10.187000
1.936637 10.432000
1.937914 10.227000
1.939191 10.414000
1.940467 10.246000
1.941744 10.378000
1.943021 10.127000
1.944297 10.467000
1.945574 10.106000
1.946850 10.432000
1.948127 10.147000
1.949404 10.341000
1.950680 10.147000
1.951957 10.414000
1.953233 9.978000
1.954510 10.414000
1.955787 10.064000
1.957063 10.396000
1.958340 10.043000
1.959617 10.341000
1.960893 10.167000
1.962170 10.246000
1.963446 10.085000
1.964723 10.359000
1.966000 10.085000
1.967276 10.322000
1.968553 10.064000
1.969830 10.227000
1.971106 10.022000
1.972383 10.246000
1.973659 9.956000
1.974936 10.246000
1.976213 9.956000
1.977489 10.285000
1.978766 9.978000
1.980043 10.207000
1.981319 10.022000
1.982596 10.187000
1.983872 9.866000
1.985149 10.207000
1.986426 9.934000
1.987702 10.265000
1.988979 9.911000
1.990256 10.127000
1.991532 9.911000
1.992809 10.187000
1.994085 9.889000
1.995362 10.303000
1.996639 9.771000
1.997915 10.207000
1.999192 9.866000
2.000469 10.085000
2.001745 9.866000
2.003022 10.147000
2.004298 9.698000
2.005575 10.043000
2.006852 9.795000
2.008128 10.000000
2.009405 9.771000
2.010682 10.022000
2.011958 9.747000
2.013235 10.043000
2.014511 9.722000
2.015788 10.127000
2.017065 9.795000
2.018341 10.043000
2.019618 9.795000
2.020895 10.043000
2.022171 9.722000
2.023448 10.043000
2.024724 9.647000
2.026001 9.978000
2.027278 9.621000
2.028554 9.956000
2.029831 9.771000
2.031108 9.934000
2.032384 9.595000
2.033661 9.978000
2.034937 9.672000
2.036214 10.085000
2.037491 9.672000
2.038767 9.978000
2.040044 9.542000
2.041320 9.978000
2.042597 9.647000
2.043874 9.934000
2.045150 9.647000
2.046427 10.043000
2.047704 9.569000
2.048980 9.889000
2.050257 9.595000
2.051533 9.934000
2.052810 9.672000
2.054087 9.934000
2.055363 9.542000
2.056640 9.911000
2.057917 9.595000
2.059193 9.956000
2.060470 9.569000
2.061746 9.795000
2.063023 9.515000
2.064300 9.842000
2.065576 9.432000
2.066853 9.842000
2.068130 9.542000
2.069406 9.911000
2.070683 9.488000
2.071959 9.819000
2.073236 9.569000
2.074513 9.819000
2.075789 9.404000
2.077066 9.889000
2.078343 9.460000
2.079619 9.866000
2.080896 9.515000
2.082172 9.795000
2.083449 9.460000
2.084726 9.722000
2.086002 9.404000
2.087279 9.819000
2.088556 9.488000
2.089832 9.698000
2.091109 9.432000
2.092385 9.722000
2.093662 9.432000
2.094939 9.722000
2.096215 9.287000
2.097492 9.672000
2.098769 9.346000
2.100045 9.771000
2.101322 9.346000
2.102598 9.672000
2.103875 9.404000
2.105152 9.698000
2.106428 9.317000
2.107705 9.621000
2.108982 9.256000
2.110258 9.698000
2.111535 9.256000
2.112811 9.672000
2.114088 9.287000
2.115365 9.621000
2.116641 9.194000
2.117918 9.647000
2.119195 9.130000
2.120471 9.672000
2.121748 9.256000
2.123024 9.771000
2.124301 9.698000
2.125578 14.582000
2.126854 19.104000
2.128131 20.636000
2.129407 21.818000
2.130684 22.091000
2.131961 22.386000
2.133237 22.676000
2.134514 22.905000
2.135791 23.101000
2.137067 23.237000
2.138344 23.252000
2.139620 23.069000
2.140897 22.364000
2.142174 20.586000
2.143450 18.559000
2.144727 16.537000
2.146004 14.744000
2.147280 13.192000
2.148557 12.181000
2.149833 11.264000
2.151110 10.880000
2.152387 10.322000
2.153663 10.285000
2.154940 9.889000
2.156217 10.085000
2.157493 9.672000
2.158770 10.022000
2.160046 9.488000
2.161323 10.000000
2.162600 9.488000
2.163876 9.722000
2.165153 9.488000
2.166430 9.647000
2.167706 9.194000
2.168983 9.672000
2.170259 9.225000
2.171536 9.404000
2.172813 9.098000
2.174089 9.432000
2.175366 9.065000
2.176643 9.488000
2.177919 9.031000
2.179196 9.460000
2.180472 9.031000
2.181749 9.460000
2.183026 8.962000
2.184302 9.346000
2.185579 8.927000
2.186856 9.225000
2.188132 8.741000
2.189409 9.287000
2.190685 8.779000
2.191962 9.287000
2.193239 8.817000
2.194515 9.098000
2.195792 8.621000
2.197069 9.031000
2.198345 8.580000
2.199622 9.256000
2.200898 8.360000
2.202175 9.225000
2.203452 8.495000
2.204728 8.927000
2.206005 8.702000
2.207282 8.854000
2.208558 8.580000
2.209835 9.031000
2.211111 8.451000
2.212388 9.031000
2.213665 8.538000
2.214941 9.065000
2.216218 8.621000
2.217494 8.962000
2.218771 8.406000
2.220048 9.065000
2.221324 8.167000
2.222601 8.891000
2.223878 8.266000
2.225154 8.854000
2.226431 8.495000
2.227707 8.817000
2.228984 8.314000
2.230261 8.854000
2.231537 8.167000
2.232814 8.741000
2.234091 8.167000
2.235367 8.741000
2.236644 8.167000
2.237920 8.662000
2.239197 8.167000
2.240474 8.891000
2.241750 8.064000
2.243027 8.962000
2.244304 8.116000
2.245580 8.580000
2.246857 8.266000
2.248133 8.854000
2.249410 8.064000
2.250687 8.406000
2.251963 8.064000
2.253240 8.702000
2.254517 8.116000
2.255793 8.495000
2.257070 8.217000
2.258346 8.621000
2.259623 7.841000
2.260900 8.538000
2.262176 7.899000
2.263453 8.741000
2.264730 7.955000
2.266006 8.451000
2.267283 8.167000
2.268559 8.538000
2.269836 8.010000
2.271113 8.538000
2.272389 8.064000
2.273666 8.662000
2.274943 7.782000
2.276219 8.495000
2.277496 7.899000
2.278772 8.406000
2.280049 7.526000
2.281326 8.538000
2.282602 7.720000
2.283879 8.538000
2.285156 7.841000
2.286432 8.538000
2.287709 8.217000
2.288985 8.538000
2.290262 7.720000
2.291539 8.360000
2.292815 8.064000
2.294092 8.360000
2.295369 7.657000
2.296645 8.406000
2.297922 7.720000
2.299198 8.360000
2.300475 7.593000
2.301752 8.314000
2.303028 7.782000
2.304305 8.495000
2.305581 7.841000
2.306858 8.406000
2.308135 7.955000
2.309411 8.266000
2.310688 7.720000
2.311965 8.406000
2.313241 7.593000
2.314518 8.217000
2.315794 7.593000
2.317071 8.314000
2.318348 7.720000
2.319624 8.314000
2.320901 7.236000
2.322178 8.495000
2.323454 7.312000
2.324731 8.538000
2.326007 7.457000
2.327284 8.314000
2.328561 7.593000
2.329837 8.314000
2.331114 7.782000
2.332391 8.360000
2.333667 7.157000
2.334944 8.217000
2.336220 7.593000
2.337497 8.064000
2.338774 7.457000
2.340050 7.899000
2.341327 7.312000
2.342604 8.167000
2.343880 7.236000
2.345157 8.406000
2.346433 7.593000
2.347710 8.217000
2.348987 7.657000
2.350263 8.116000
2.351540 7.457000
2.352817 8.217000
2.354093 7.312000
2.355370 8.360000
2.356646 7.457000
2.357923 8.010000
2.359200 7.236000
2.360476 8.167000
2.361753 7.075000
2.363030 8.314000
2.364306 7.457000
2.365583 8.167000
2.366859 7.312000
2.368136 8.116000
2.369413 7.657000
2.370689 8.116000
2.371966 7.593000
2.373243 8.116000
2.374519 7.312000
2.375796 7.955000
2.377072 7.457000
2.378349 8.217000
2.379626 7.526000
2.380902 8.064000
2.382179 7.386000
2.383456 8.167000
2.384732 7.312000
2.386009 8.266000
2.387285 7.236000
2.388562 8.064000
2.389839 7.457000
2.391115 8.314000
2.392392 7.386000
2.393668 8.010000
2.394945 7.312000
2.396222 7.899000
2.397498 7.312000
2.398775 8.064000
2.400052 6.990000
2.401328 8.167000
2.402605 6.990000
2.403881 8.167000
2.405158 6.990000
2.406435 8.266000
2.407711 7.236000
2.408988 7.955000
2.410265 7.593000
2.411541 8.064000
2.412818 6.901000
2.414094 7.955000
2.415371 7.236000
2.416648 7.841000
2.417924 7.457000
2.419201 7.841000
2.420478 7.312000
2.421754 8.064000
2.423031 7.157000
2.424307 7.899000
2.425584 6.809000
2.426861 7.955000
2.428137 7.312000
2.429414 8.010000
2.430691 7.386000
2.431967 8.116000
2.433244 7.386000
2.434520 8.266000
2.435797 7.457000
2.437074 8.010000
2.438350 7.157000
2.439627 8.116000
2.440904 7.075000
2.442180 7.841000
2.443457 6.901000
2.444733 8.167000
2.446010 6.990000
2.447287 8.167000
2.448563 7.075000
2.449840 7.955000
2.451117 7.457000
2.452393 8.010000
2.453670 6.990000
2.454946 8.167000
2.456223 7.312000
2.457500 8.217000
2.458776 7.236000
2.460053 7.899000
2.461330 6.901000
2.462606 8.064000
2.463883 6.901000
2.465159 8.116000
2.466436 6.901000
2.467713 7.899000
2.468989 7.075000
2.470266 8.064000
2.471543 6.990000
2.472819 8.064000
2.474096 7.157000
2.475372 7.841000
2.476649 7.157000
2.477926 8.167000
2.479202 7.075000
2.480479 7.955000
2.481755 7.075000
2.483032 7.899000
2.484309 5.880000
2.485585 8.217000
2.486862 6.276000
2.488139 8.167000
2.489415 6.712000
2.490692 7.657000
2.491968 7.157000
2.493245 8.010000
2.494522 6.901000
2.495798 7.899000
2.497075 6.611000
2.498352 7.955000
2.499628 7.075000
2.500905 7.899000
2.502181 7.157000
2.503458 7.955000
2.504735 6.901000
2.506011 8.064000
2.507288 6.712000
2.508565 8.217000
2.509841 6.901000
2.511118 7.899000
2.512394 6.990000
2.513671 7.899000
2.514948 6.809000
2.516224 7.899000
2.517501 7.236000
2.518778 7.955000
2.520054 6.809000
2.521331 7.657000
2.522607 6.712000
2.523884 7.720000
2.525161 6.276000
2.526437 8.064000
2.527714 6.809000
2.528991 7.899000
2.530267 6.712000
2.531544 7.782000
2.532820 7.157000
2.534097 7.782000
2.535374 6.901000
2.536650 7.841000
2.537927 6.394000
2.539204 7.657000
2.540480 6.990000
2.541757 7.720000
2.543033 6.809000
2.544310 7.657000
2.545587 6.611000
2.546863 7.899000
2.548140 6.712000
2.549417 7.899000
2.550693 7.075000
2.551970 7.657000
2.553246 6.990000
2.554523 7.657000
2.555800 6.901000
2.557076 7.720000
2.558353 6.394000
2.559630 7.657000
2.560906 6.809000
2.562183 7.899000
2.563459 6.611000
2.564736 7.955000
2.566013 6.505000
2.567289 7.899000
2.568566 6.021000
2.569842 7.782000
2.571119 6.809000
2.572396 7.899000
2.573672 7.157000
2.574949 7.312000
2.576226 6.394000
2.577502 7.720000
2.578779 6.611000
2.580055 7.720000
2.581332 7.075000
2.582609 7.899000
2.583885 6.809000
2.585162 7.593000
2.586439 6.611000
2.587715 7.782000
2.588992 6.505000
2.590268 8.010000
2.591545 6.809000
2.592822 7.841000
2.594098 6.505000
2.595375 7.720000
2.596652 6.809000
2.597928 7.720000
2.599205 7.075000
2.600481 7.457000
2.601758 6.276000
2.603035 7.526000
2.604311 6.505000
2.605588 7.457000
2.606865 6.394000
2.608141 7.782000
2.609418 6.394000
2.610694 7.782000
2.611971 6.712000
2.613248 7.526000
2.614524 6.809000
2.615801 7.782000
2.617078 6.611000
2.618354 7.720000
2.619631 6.712000
2.620907 7.782000
2.622184 6.611000
2.623461 7.386000
2.624737 6.611000
2.626014 7.457000
2.627291 6.394000
2.628567 7.782000
2.629844 6.021000
2.631120 7.657000
2.632397 6.611000
2.633674 7.657000
2.634950 6.611000
2.636227 7.386000
2.637504 6.021000
2.638780 7.899000
2.640057 6.394000
2.641333 7.720000
2.642610 6.394000
2.643887 7.386000
2.645163 6.809000
2.646440 7.720000
2.647717 5.880000
2.648993 7.899000
2.650270 5.731000
2.651546 7.782000
2.652823 6.276000
2.654100 7.720000
2.655376 6.901000
2.656653 7.312000
2.657929 6.712000
2.659206 7.457000
2.660483 6.021000
2.661759 7.593000
2.663036 6.276000
2.664313 7.782000
2.665589 6.712000
2.666866 7.657000
2.668142 6.505000
2.669419 7.720000
2.670696 6.152000
2.671972 7.720000
2.673249 6.505000
2.674526 7.386000
2.675802 6.021000
2.677079 7.457000
2.678355 6.152000
2.679632 7.720000
2.680909 6.021000
2.682185 7.526000
2.683462 6.611000
2.684739 7.236000
2.686015 6.021000
2.687292 7.236000
2.688568 6.276000
2.689845 7.657000
2.691122 6.021000
2.692398 7.457000
2.693675 6.276000
2.694952 7.593000
2.696228 6.611000
2.697505 7.457000
2.698781 6.021000
2.700058 7.386000
2.701335 6.276000
2.702611 7.593000
2.703888 6.276000
2.705165 7.386000
2.706441 6.276000
2.707718 7.526000
2.708994 6.611000
2.710271 7.593000
2.711548 6.021000
2.712824 7.593000
2.714101 6.394000
2.715378 7.236000
2.716654 6.394000
2.717931 7.657000
2.719207 6.611000
2.720484 7.593000
2.721761 6.276000
2.723037 7.386000
2.724314 5.880000
2.725591 7.312000
2.726867 5.880000
2.728144 7.593000
2.729420 6.021000
2.730697 7.526000
2.731974 5.570000
2.733250 7.593000
2.734527 6.394000
2.735804 7.457000
2.737080 6.505000
2.738357 7.312000
2.739633 6.505000
2.740910 7.657000
2.742187 6.152000
2.743463 7.386000
2.744740 6.021000
2.746016 7.157000
2.747293 6.394000
2.748570 7.526000
2.749846 6.021000
2.751123 7.526000
2.752400 6.021000
2.753676 7.457000
2.754953 6.152000
2.756229 7.236000
2.757506 6.505000
2.758783 7.526000
2.760059 6.505000
2.761336 7.386000
2.762613 5.570000
2.763889 7.312000
2.765166 6.611000
2.766442 7.386000
2.767719 6.505000
2.768996 7.236000
2.770272 5.880000
2.771549 7.457000
2.772826 5.000000
2.774102 7.593000
2.775379 6.394000
2.776655 7.386000
2.777932 6.152000
2.779209 7.236000
2.780485 6.394000
2.781762 7.386000
2.783039 6.276000
2.784315 7.312000
2.785592 6.152000
2.786868 7.075000
2.788145 6.276000
2.789422 7.457000
2.790698 5.731000
2.791975 7.457000
2.793252 5.570000
2.794528 7.526000
2.795805 6.152000
2.797081 7.236000
2.798358 6.021000
2.799635 7.386000
2.800911 5.731000
2.802188 7.312000
2.803465 5.396000
2.804741 7.236000
2.806018 5.731000
2.807294 7.157000
2.808571 6.276000
2.809848 7.593000
2.811124 5.000000
2.812401 7.657000
2.813678 5.207000
2.814954 7.526000
2.816231 5.570000
2.817507 7.236000
2.818784 6.276000
2.820061 7.457000
2.821337 5.396000
2.822614 7.236000
2.823891 6.021000
2.825167 7.657000
2.826444 6.021000
2.827720 7.075000
2.828997 5.570000
2.830274 7.457000
2.831550 5.880000
2.832827 7.386000
2.834103 5.570000
2.835380 7.457000
2.836657 5.570000
2.837933 7.236000
2.839210 6.712000
2.840487 7.236000
2.841763 5.396000
2.843040 7.386000
2.844316 6.152000
2.845593 7.312000
2.846870 5.570000
2.848146 7.157000
2.849423 6.276000
2.850700 7.236000
2.851976 5.880000
2.853253 7.386000
2.854529 5.000000
2.855806 7.386000
2.857083 5.880000
2.858359 7.157000
2.859636 5.731000
2.860913 7.312000
2.862189 5.000000
2.863466 7.075000
2.864742 5.000000
2.866019 7.236000
2.867296 5.570000
2.868572 6.990000
2.869849 5.880000
2.871126 7.157000
2.872402 5.880000
2.873679 7.157000
2.874955 5.396000
2.876232 7.075000
2.877509 5.731000
2.878785 7.075000
2.880062 5.731000
2.881339 7.236000
2.882615 5.880000
2.883892 7.312000
2.885168 5.570000
2.886445 7.157000
2.887722 5.731000
2.888998 6.712000
2.890275 5.570000
2.891552 7.157000
2.892828 5.207000
2.894105 6.990000
2.895381 4.225000
2.896658 7.312000
2.897935 5.207000
2.899211 6.901000
2.900488 5.570000
2.901765 6.712000
2.903041 6.021000
2.904318 6.901000
2.905594 5.396000
2.906871 6.990000
2.908148 5.396000
2.909424 6.990000
2.910701 4.515000
2.911978 6.990000
2.913254 4.515000
2.914531 7.157000
2.915807 4.515000
2.917084 7.236000
2.918361 5.000000
2.919637 6.990000
2.920914 5.731000
2.922190 7.075000
2.923467 5.396000
2.924744 7.075000
2.926020 5.000000
2.927297 6.611000
2.928574 5.880000
2.929850 6.901000
2.931127 5.396000
2.932403 7.157000
2.933680 5.396000
2.934957 7.386000
2.936233 5.207000
2.937510 6.901000
2.938787 5.570000
2.940063 6.901000
2.941340 5.570000
2.942616 6.809000
2.943893 4.515000
2.945170 7.457000
2.946446 6.021000
2.947723 7.236000
2.949000 5.207000
2.950276 6.990000
2.951553 4.771000
2.952829 7.075000
2.954106 5.570000
2.955383 7.157000
2.956659 5.207000
2.957936 7.075000
2.959213 5.880000
2.960489 6.990000
2.961766 6.021000
2.963042 6.809000
2.964319 5.731000
2.965596 7.075000
2.966872 5.207000
2.968149 6.809000
2.969426 5.207000
2.970702 7.157000
2.971979 5.570000
2.973255 6.809000
2.974532 4.771000
2.975809 6.990000
2.977085 2.386000
2.978362 6.990000
2.979639 5.396000
2.980915 6.809000
2.982192 5.396000
2.983468 6.712000
2.984745 4.515000
2.986022 7.075000
2.987298 5.396000
2.988575 6.809000
2.989852 5.000000
2.991128 6.712000
2.992405 4.771000
2.993681 6.809000
2.994958 4.771000
2.996235 6.990000
2.997511 5.396000
2.998788 6.809000
3.000065 5.570000
3.001341 6.611000
3.002618 5.396000
3.003894 6.901000
3.005171 5.570000
3.006448 6.809000
3.007724 2.386000
3.009001 6.990000
3.010277 4.771000
3.011554 6.712000
3.012831 5.000000
3.014107 6.990000
3.015384 4.515000
3.016661 6.990000
3.017937 3.495000
3.019214 7.312000
3.020490 4.771000
3.021767 6.276000
3.023044 5.396000
3.024320 6.901000
3.025597 5.000000
3.026874 6.990000
3.028150 4.515000
3.029427 6.809000
3.030703 5.396000
3.031980 6.809000
3.033257 5.207000
3.034533 6.901000
3.035810 5.207000
3.037087 6.901000
3.038363 5.207000
3.039640 6.809000
3.040916 4.771000
3.042193 6.276000
3.043470 5.396000
3.044746 6.990000
3.046023 5.570000
3.047300 6.901000
3.048576 5.000000
3.049853 6.809000
3.051129 4.771000
3.052406 6.809000
3.053683 5.880000
3.054959 7.075000
3.056236 4.225000
3.057513 6.990000
3.058789 4.771000
3.060066 7.075000
3.061342 5.000000
3.062619 6.505000
3.063896 4.771000
3.065172 6.712000
3.066449 5.570000
3.067726 7.075000
3.069002 5.207000
3.070279 6.809000
3.071555 5.570000
3.072832 6.611000
3.074109 4.515000
3.075385 6.394000
3.076662 3.495000
3.077939 6.901000
3.079215 5.000000
3.080492 6.990000
3.081768 5.000000
3.083045 6.611000
3.084322 5.000000
3.085598 6.809000
3.086875 4.515000
3.088152 6.809000
3.089428 5.000000
3.090705 6.712000
3.091981 5.396000
3.093258 6.712000
3.094535 4.515000
3.095811 6.901000
3.097088 4.771000
3.098364 6.990000
3.099641 4.225000
3.100918 6.394000
3.102194 4.771000
3.103471 6.505000
3.104748 5.570000
3.106024 6.611000
3.107301 3.891000
3.108577 6.611000
3.109854 5.000000
3.111131 6.712000
3.112407 5.570000
3.113684 6.611000
3.114961 4.771000
3.116237 6.990000
3.117514 5.570000
3.118790 6.901000
3.120067 4.225000
3.121344 6.611000
3.122620 4.771000
3.123897 6.901000
3.125174 5.207000
3.126450 6.505000
3.127727 4.225000
3.129003 6.505000
3.130280 4.515000
3.131557 6.505000
3.132833 5.000000
3.134110 6.505000
3.135387 5.731000
3.136663 6.990000
3.137940 3.891000
3.139216 6.990000
3.140493 0.000000
3.141770 7.236000
3.143046 4.515000
3.144323 6.809000
3.145600 5.000000
3.146876 6.505000
3.148153 3.495000
3.149429 6.901000
3.150706 5.000000
3.151983 6.611000
3.153259 4.225000
3.154536 6.276000
3.155813 5.000000
3.157089 6.712000
3.158366 3.010000
3.159642 6.712000
3.160919 4.515000
3.162196 6.505000
3.163472 3.495000
3.164749 6.394000
3.166026 5.207000
3.167302 6.152000
3.168579 4.771000
3.169855 6.505000
3.171132 4.225000
3.172409 6.505000
3.173685 5.570000
3.174962 6.990000
3.176239 4.225000
3.177515 6.712000
3.178792 3.495000
3.180068 6.809000
3.181345 4.515000
3.182622 7.157000
3.183898 4.225000
3.185175 6.505000
3.186451 5.207000
3.187728 6.611000
3.189005 3.495000
3.190281 7.075000
3.191558 6.505000
3.192835 7.457000
3.194111 7.236000
3.195388 7.955000
3.196664 7.236000
3.197941 8.064000
3.199218 7.841000
3.200494 8.538000
3.201771 8.116000
3.203048 8.779000
3.204324 7.782000
3.205601 7.955000
3.206877 6.611000
3.208154 7.075000
3.209431 4.225000
3.210707 6.276000
3.211984 3.891000
3.213261 6.809000
3.214537 4.515000
3.215814 6.276000
3.217090 3.891000
3.218367 6.611000
3.219644 4.225000
3.220920 6.809000
3.222197 1.505000
3.223474 6.394000
3.224750 4.771000
3.226027 6.505000
3.227303 4.225000
3.228580 6.611000
3.229857 3.891000
3.231133 6.276000
3.232410 4.771000
3.233687 6.611000
3.234963 4.515000
3.236240 6.394000
3.237516 4.225000
3.238793 6.152000
3.240070 3.010000
3.241346 6.611000
3.242623 3.891000
3.243900 6.809000
3.245176 4.225000
3.246453 6.394000
3.247729 5.000000
3.249006 6.712000
3.250283 4.225000
3.251559 6.276000
3.252836 5.000000
3.254113 6.901000
3.255389 4.225000
3.256666 6.611000
3.257942 5.731000
3.259219 6.505000
3.260496 0.000000
3.261772 6.611000
3.263049 4.225000
3.264326 6.611000
3.265602 5.000000
3.266879 6.394000
3.268155 5.396000
3.269432 6.276000
3.270709 4.225000
3.271985 6.394000
3.273262 3.495000
3.274538 6.394000
3.275815 5.000000
3.277092 6.712000
3.278368 4.515000
3.279645 6.276000
3.280922 3.495000
3.282198 6.809000
3.283475 3.495000
3.284751 6.152000
3.286028 3.891000
3.287305 6.611000
3.288581 3.891000
3.289858 6.712000
3.291135 4.225000
3.292411 6.712000
3.293688 3.495000
3.294964 6.505000
3.296241 3.891000
3.297518 6.021000
3.298794 3.495000
3.300071 6.276000
3.301348 3.891000
3.302624 6.901000
3.303901 2.386000
3.305177 6.611000
3.306454 3.891000
3.307731 6.394000
3.309007 5.207000
3.310284 5.880000
3.311561 4.225000
3.312837 6.505000
3.314114 4.515000
3.315390 6.505000
3.316667 4.515000
3.317944 6.505000
3.319220 3.495000
3.320497 6.276000
3.321774 4.225000
3.323050 6.712000
3.324327 3.010000
3.325603 6.505000
3.326880 3.495000
3.328157 6.505000
3.329433 4.225000
3.330710 6.021000
3.331987 3.495000
3.333263 6.712000
3.334540 3.891000
3.335816 6.394000
3.337093 4.225000
3.338370 6.394000
3.339646 4.771000
3.340923 6.021000
3.342200 3.495000
3.343476 7.075000
3.344753 0.000000
3.346029 6.505000
3.347306 2.386000
3.348583 5.396000
3.349859 5.396000
3.351136 6.505000
3.352413 3.495000
3.353689 6.276000
3.354966 4.515000
3.356242 6.712000
3.357519 4.225000
3.358796 6.394000
3.360072 3.891000
3.361349 6.505000
3.362625 3.010000
3.363902 6.394000
3.365179 3.495000
3.366455 6.394000
3.367732 4.515000
3.369009 6.505000
3.370285 5.000000
3.371562 6.394000
3.372838 4.225000
3.374115 6.505000
3.375392 4.225000
3.376668 6.276000
3.377945 4.515000
3.379222 6.505000
3.380498 4.771000
3.381775 6.152000
3.383051 0.000000
3.384328 6.712000
3.385605 1.505000
3.386881 6.809000
3.388158 1.505000
3.389435 6.505000
3.390711 4.225000
3.391988 5.570000
3.393264 2.386000
3.394541 6.394000
3.395818 5.000000
3.397094 6.505000
3.398371 4.515000
3.399648 6.152000
3.400924 4.771000
3.402201 6.611000
3.403477 3.891000
3.404754 6.809000
3.406031 3.010000
3.407307 6.276000
3.408584 2.386000
3.409861 6.505000
3.411137 4.225000
3.412414 6.276000
3.413690 4.225000
3.414967 6.611000
3.416244 4.225000
3.417520 6.276000
3.418797 3.891000
3.420074 5.880000
3.421350 4.515000
3.422627 6.021000
3.423903 2.386000
3.425180 6.712000
3.426457 3.495000
3.427733 6.809000
3.429010 4.515000
3.430287 6.394000
3.431563 5.207000
3.432840 6.505000
3.434116 3.495000
3.435393 6.505000
3.436670 3.010000
3.437946 6.505000
3.439223 3.495000
3.440500 6.505000
3.441776 4.515000
3.443053 6.021000
3.444329 3.891000
3.445606 6.809000
3.446883 2.386000
3.448159 6.809000
3.449436 3.010000
3.450712 6.152000
3.451989 4.225000
3.453266 6.505000
3.454542 4.225000
3.455819 6.394000
3.457096 4.225000
3.458372 6.394000
3.459649 4.225000
3.460925 6.394000
3.462202 4.225000
3.463479 5.880000
3.464755 1.505000
3.466032 6.901000
3.467309 0.000000
3.468585 6.712000
3.469862 0.000000
3.471138 6.021000
3.472415 4.225000
3.473692 6.276000
3.474968 1.505000
3.476245 6.021000
3.477522 3.891000
3.478798 6.505000
3.480075 4.515000
3.481351 6.276000
3.482628 4.771000
3.483905 6.394000
3.485181 1.505000
3.486458 6.809000
3.487735 4.225000
3.489011 6.505000
3.490288 3.495000
3.491564 6.276000
3.492841 2.386000
3.494118 5.880000
3.495394 3.010000
3.496671 6.394000
3.497948 1.505000
3.499224 6.021000
3.500501 4.515000
3.501777 6.394000
3.503054 3.891000
3.504331 6.505000
3.505607 2.386000
3.506884 6.990000
3.508161 1.505000
3.509437 6.276000
3.510714 3.495000
3.511990 6.276000
3.513267 4.225000
3.514544 6.394000
3.515820 1.505000
3.517097 5.731000
3.518374 5.000000
3.519650 6.505000
3.520927 0.000000
3.522203 6.276000
3.523480 3.495000
3.524757 6.394000
3.526033 3.495000
3.527310 6.152000
3.528587 3.891000
3.529863 6.712000
3.531140 2.386000
3.532416 6.611000
3.533693 3.495000
3.534970 6.152000
3.536246 0.000000
3.537523 6.152000
3.538799 4.225000
3.540076 6.712000
3.541353 3.495000
3.542629 5.880000
3.543906 3.891000
3.545183 6.394000
3.546459 2.386000
3.547736 6.712000
3.549012 4.225000
3.550289 6.712000
3.551566 3.495000
3.552842 6.152000
3.554119 4.515000
3.555396 6.505000
3.556672 3.495000
3.557949 6.611000
3.559225 3.891000
3.560502 6.152000
3.561779 2.386000
3.563055 6.712000
3.564332 4.515000
3.565609 6.152000
3.566885 0.000000
3.568162 6.505000
3.569438 3.010000
3.570715 5.880000
3.571992 0.000000
3.573268 6.394000
3.574545 4.225000
3.575822 6.152000
3.577098 3.495000
3.578375 6.611000
3.579651 3.495000
3.580928 6.394000
3.582205 4.225000
3.583481 6.276000
3.584758 3.891000
3.586035 6.611000
3.587311 2.386000
3.588588 6.394000
3.589864 0.000000
3.591141 6.276000
3.592418 2.386000
3.593694 5.570000
3.594971 4.515000
3.596248 5.880000
3.597524 3.010000
3.598801 6.276000
3.600077 0.000000
3.601354 6.021000
3.602631 3.495000
3.603907 6.394000
3.605184 4.225000
3.606461 6.276000
3.607737 1.505000
3.609014 6.276000
3.610290 0.000000
3.611567 6.152000
3.612844 3.495000
3.614120 5.880000
3.615397 3.495000
3.616674 6.276000
3.617950 0.000000
3.619227 6.152000
3.620503 3.010000
3.621780 6.276000
3.623057 4.225000
3.624333 6.611000
3.625610 3.495000
3.626886 6.505000
3.628163 0.000000
3.629440 6.276000
3.630716 0.000000
3.631993 6.611000
3.633270 2.386000
3.634546 6.152000
3.635823 3.495000
3.637099 5.731000
3.638376 3.010000
3.639653 6.611000
3.640929 3.891000
3.642206 6.021000
3.643483 3.010000
3.644759 5.880000
3.646036 3.010000
3.647312 6.276000
3.648589 3.495000
3.649866 6.712000
3.651142 0.000000
3.652419 6.152000
3.653696 3.891000
3.654972 6.712000
3.656249 3.010000
3.657525 6.394000
3.658802 3.010000
3.660079 6.276000
3.661355 3.495000
3.662632 6.152000
3.663909 4.225000
3.665185 6.505000
3.666462 3.010000
3.667738 6.394000
3.669015 3.010000
3.670292 6.611000
3.671568 1.505000
3.672845 6.611000
3.674122 0.000000
3.675398 5.731000
3.676675 1.505000
3.677951 6.021000
3.679228 3.495000
3.680505 6.505000
3.681781 2.386000
3.683058 5.731000
3.684335 3.010000
3.685611 5.731000
3.686888 4.515000
3.688164 5.570000
3.689441 4.225000
3.690718 6.394000
3.691994 3.495000
3.693271 6.901000
3.694548 3.495000
3.695824 5.731000
3.697101 3.495000
3.698377 6.611000
3.699654 2.386000
3.700931 5.880000
3.702207 3.010000
3.703484 6.276000
3.704761 4.225000
3.706037 6.394000
3.707314 4.515000
3.708590 6.152000
3.709867 0.000000
3.711144 6.712000
3.712420 1.505000
3.713697 6.611000
3.714973 3.495000
3.716250 5.396000
3.717527 3.495000
3.718803 6.276000
3.720080 3.495000
3.721357 6.276000
3.722633 0.000000
3.723910 5.880000
3.725186 0.000000
3.726463 5.880000
3.727740 0.000000
3.729016 5.880000
3.730293 3.010000
3.731570 6.505000
3.732846 2.386000
3.734123 6.505000
3.735399 3.495000
3.736676 5.880000
3.737953 2.386000
3.739229 5.880000
3.740506 3.495000
3.741783 6.021000
3.743059 3.010000
3.744336 6.152000
3.745612 3.495000
3.746889 6.505000
3.748166 2.386000
3.749442 6.021000
3.750719 0.000000
3.751996 6.394000
3.753272 2.386000
3.754549 5.880000
3.755825 3.010000
3.757102 6.021000
3.758379 4.225000
3.759655 6.276000
3.760932 2.386000
3.762209 6.021000
3.763485 0.000000
3.764762 6.021000
3.766038 3.495000
3.767315 5.880000
3.768592 3.495000
3.769868 5.731000
3.771145 0.000000
3.772422 6.394000
3.773698 0.000000
3.774975 6.505000
3.776251 2.386000
3.777528 6.021000
3.778805 3.891000
3.780081 6.021000
3.781358 3.495000
3.782635 5.731000
3.783911 3.010000
3.785188 6.152000
3.786464 1.505000
3.787741 5.731000
3.789018 2.386000
3.790294 6.021000
3.791571 0.000000
3.792848 6.611000
3.794124 0.000000
3.795401 6.990000
3.796677 2.386000
3.797954 6.021000
3.799231 3.010000
3.800507 6.021000
3.801784 0.000000
3.803061 6.152000
3.804337 0.000000
3.805614 6.394000
3.806890 2.386000
3.808167 5.880000
3.809444 0.000000
3.810720 6.021000
3.811997 0.000000
3.813273 6.021000
3.814550 2.386000
3.815827 6.021000
3.817103 1.505000
3.818380 6.021000
3.819657 4.771000
3.820933 5.880000
3.822210 0.000000
3.823486 5.570000
3.824763 2.386000
3.826040 6.152000
3.827316 0.000000
3.828593 5.570000
3.829870 2.386000
3.831146 5.207000
3.832423 1.505000
3.833699 6.276000
3.834976 0.000000
3.836253 6.276000
3.837529 3.010000
3.838806 5.396000
3.840083 3.010000
3.841359 5.731000
3.842636 0.000000
3.843912 5.880000
3.845189 1.505000
3.846466 6.021000
3.847742 1.505000
3.849019 6.021000
3.850296 2.386000
3.851572 5.880000
3.852849 0.000000
3.854125 6.276000
3.855402 0.000000
3.856679 5.880000
3.857955 4.225000
3.859232 5.880000
3.860509 1.505000
3.861785 5.396000
3.863062 0.000000
3.864338 6.505000
3.865615 3.495000
3.866892 5.396000
3.868168 1.505000
3.869445 6.152000
3.870722 3.010000
3.871998 5.000000
3.873275 0.000000
3.874551 6.712000
3.875828 0.000000
3.877105 6.152000
3.878381 0.000000
3.879658 5.396000
3.880935 3.891000
3.882211 5.880000
3.883488 3.010000
3.884764 6.021000
3.886041 3.010000
3.887318 6.276000
3.888594 3.010000
3.889871 6.021000
3.891148 0.000000
3.892424 5.731000
3.893701 1.505000
3.894977 5.570000
3.896254 3.010000
3.897531 6.021000
3.898807 2.386000
3.900084 6.021000
3.901360 3.495000
3.902637 6.152000
3.903914 0.000000
3.905190 5.396000
3.906467 0.000000
3.907744 5.880000
3.909020 0.000000
3.910297 5.880000
3.911573 2.386000
3.912850 6.276000
3.914127 0.000000
3.915403 5.396000
3.916680 0.000000
3.917957 6.276000
3.919233 3.891000
3.920510 5.731000
3.921786 2.386000
3.923063 5.207000
3.924340 0.000000
3.925616 5.880000
3.926893 1.505000
3.928170 5.570000
3.929446 3.010000
3.930723 5.570000
3.931999 2.386000
3.933276 5.731000
3.934553 0.000000
3.935829 6.152000
3.937106 0.000000
3.938383 5.731000
3.939659 0.000000
3.940936 5.570000
3.942212 3.891000
3.943489 5.570000
3.944766 0.000000
3.946042 5.207000
3.947319 1.505000
3.948596 6.021000
3.949872 0.000000
3.951149 6.276000
3.952425 1.505000
3.953702 6.152000
3.954979 0.000000
3.956255 6.394000
3.957532 0.000000
3.958809 6.505000
3.960085 2.386000
3.961362 5.000000
3.962638 3.010000
3.963915 5.000000
3.965192 0.000000
3.966468 5.880000
3.967745 3.495000
3.969022 6.152000
3.970298 2.386000
3.971575 5.570000
3.972851 2.386000
3.974128 5.570000
3.975405 0.000000
3.976681 6.276000
3.977958 0.000000
3.979235 6.021000
3.980511 3.010000
3.981788 5.207000
3.983064 0.000000
3.984341 5.570000
3.985618 0.000000
3.986894 6.021000
3.988171 0.000000
3.989447 5.731000
3.990724 3.495000
3.992001 5.880000
3.993277 0.000000
3.994554 5.207000
3.995831 0.000000
3.997107 6.276000
3.998384 0.000000
3.999660 6.394000
4.000937 1.505000
4.002214 5.731000
4.003490 1.505000
4.004767 5.396000
4.006044 0.000000
4.007320 5.396000
4.008597 0.000000
4.009873 6.152000
4.011150 3.010000
4.012427 5.207000
4.013703 0.000000
4.014980 5.880000
4.016257 0.000000
4.017533 5.570000
4.018810 0.000000
4.020086 5.880000
4.021363 1.505000
4.022640 5.570000
4.023916 1.505000
4.025193 5.000000
4.026470 0.000000
4.027746 5.880000
4.029023 3.495000
4.030299 5.880000
4.031576 0.000000
4.032853 5.731000
4.034129 3.010000
4.035406 5.880000
4.036683 0.000000
4.037959 5.880000
4.039236 0.000000
4.040512 5.880000
4.041789 0.000000
4.043066 5.207000
4.044342 1.505000
4.045619 5.880000
4.046896 0.000000
4.048172 6.394000
4.049449 0.000000
4.050725 5.570000
4.052002 1.505000
4.053279 5.207000
4.054555 2.386000
4.055832 6.021000
4.057109 0.000000
4.058385 6.152000
4.059662 0.000000
4.060938 6.021000
4.062215 0.000000
4.063492 4.771000
4.064768 2.386000
4.066045 5.570000
4.067322 0.000000
4.068598 5.731000
4.069875 0.000000
4.071151 5.731000
4.072428 3.495000
4.073705 5.880000
4.074981 1.505000
4.076258 5.880000
4.077534 0.000000
4.078811 6.394000
4.080088 0.000000
4.081364 6.276000
4.082641 3.010000
4.083918 5.396000
4.085194 0.000000
4.086471 4.771000
4.087747 0.000000
4.089024 6.276000
4.090301 0.000000
4.091577 5.570000
4.092854 3.010000
4.094131 5.570000
4.095407 1.505000
4.096684 5.731000
4.097960 0.000000
4.099237 5.731000
4.100514 0.000000
4.101790 5.880000
4.103067 1.505000
4.104344 5.570000
4.105620 0.000000
4.106897 5.396000
4.108173 0.000000
4.109450 5.396000
4.110727 0.000000
4.112003 5.570000
4.113280 0.000000
4.114557 5.570000
4.115833 1.505000
4.117110 4.225000
4.118386 0.000000
4.119663 6.394000
4.120940 0.000000
4.122216 6.021000
4.123493 0.000000
4.124770 5.207000
4.126046 3.010000
4.127323 5.207000
4.128599 0.000000
4.129876 6.152000
4.131153 3.010000
4.132429 6.021000
4.133706 0.000000
4.134983 5.731000
4.136259 0.000000
4.137536 5.207000
4.138812 1.505000
4.140089 6.021000
4.141366 0.000000
4.142642 6.021000
4.143919 0.000000
4.145196 5.570000
4.146472 3.010000
4.147749 5.000000
4.149025 1.505000
4.150302 6.276000
4.151579 0.000000
4.152855 5.396000
4.154132 0.000000
4.155409 5.207000
4.156685 1.505000
4.157962 5.396000
4.159238 0.000000
4.160515 6.394000
4.161792 0.000000
4.163068 6.021000
4.164345 2.386000
4.165621 5.207000
4.166898 2.386000
4.168175 5.396000
4.169451 0.000000
4.170728 5.880000
4.172005 0.000000
4.173281 6.021000
4.174558 0.000000
4.175834 5.207000
4.177111 1.505000
4.178388 5.570000
4.179664 1.505000
4.180941 6.021000
4.182218 0.000000
4.183494 5.396000
4.184771 1.505000
4.186047 5.570000
4.187324 1.505000
4.188601 5.880000
4.189877 0.000000
4.191154 5.731000
4.192431 2.386000
4.193707 5.570000
4.194984 2.386000
4.196260 5.396000
4.197537 0.000000
4.198814 5.000000
4.200090 0.000000
4.201367 6.152000
4.202644 0.000000
4.203920 6.152000
4.205197 0.000000
4.206473 5.880000
4.207750 2.386000
4.209027 6.021000
4.210303 0.000000
4.211580 6.021000
4.212857 1.505000
4.214133 6.276000
4.215410 0.000000
4.216686 5.570000
4.217963 2.386000
4.219240 5.880000
4.220516 0.000000
4.221793 6.152000
4.223070 0.000000
4.224346 5.396000
4.225623 0.000000
4.226899 5.880000
4.228176 2.386000
4.229453 5.396000
4.230729 0.000000
4.232006 6.021000
4.233283 0.000000
4.234559 5.207000
4.235836 2.386000
4.237112 5.570000
4.238389 1.505000
4.239666 6.276000
4.240942 0.000000
4.242219 5.731000
4.243496 0.000000
4.244772 6.021000
4.246049 0.000000
4.247325 5.207000
4.248602 0.000000
4.249879 5.731000
4.251155 0.000000
4.252432 5.731000
4.253708 0.000000
4.254985 5.880000
4.256262 0.000000
4.257538 5.207000
4.258815 3.891000
4.260092 5.396000
4.261368 0.000000
4.262645 6.021000
4.263921 0.000000
4.265198 5.731000
4.266475 0.000000
4.267751 5.396000
4.269028 1.505000
4.270305 5.396000
4.271581 0.000000
4.272858 5.396000
4.274134 0.000000
4.275411 5.396000
4.276688 2.386000
4.277964 5.880000
4.279241 0.000000
4.280518 5.731000
4.281794 0.000000
4.283071 6.152000
4.284347 0.000000
4.285624 6.394000
4.286901 2.386000
4.288177 4.515000
4.289454 0.000000
4.290731 5.731000
4.292007 0.000000
4.293284 5.396000
4.294560 0.000000
4.295837 5.207000
4.297114 1.505000
4.298390 5.880000
4.299667 2.386000
4.300944 5.731000
4.302220 0.000000
4.303497 6.276000
4.304773 1.505000
4.306050 5.731000
4.307327 0.000000
4.308603 5.731000
4.309880 1.505000
4.311157 5.000000
4.312433 0.000000
4.313710 6.152000
4.314986 2.386000
4.316263 5.880000
4.317540 0.000000
4.318816 5.396000
4.320093 2.386000
4.321370 5.731000
4.322646 0.000000
4.323923 5.731000
4.325199 0.000000
4.326476 5.880000
4.327753 1.505000
4.329029 5.207000
4.330306 2.386000
4.331583 6.152000
4.332859 0.000000
4.334136 5.396000
4.335412 0.000000
4.336689 5.731000
4.337966 0.000000
4.339242 5.000000
4.340519 3.010000
4.341795 5.570000
4.343072 0.000000
4.344349 5.731000
4.345625 0.000000
4.346902 6.276000
4.348179 0.000000
4.349455 5.207000
4.350732 0.000000
4.352008 4.515000
4.353285 0.000000
4.354562 5.880000
4.355838 3.010000
4.357115 6.394000
4.358392 1.505000
4.359668 5.207000
4.360945 0.000000
4.362221 5.731000
4.363498 0.000000
4.364775 6.152000
4.366051 0.000000
4.367328 5.731000
4.368605 1.505000
4.369881 5.207000
4.371158 1.505000
4.372434 5.207000
4.373711 0.000000
4.374988 5.207000
4.376264 0.000000
4.377541 6.021000
4.378818 0.000000
4.380094 5.000000
4.381371 3.010000
4.382647 5.880000
4.383924 0.000000
4.385201 5.207000
4.386477 0.000000
4.387754 5.880000
4.389031 0.000000
4.390307 5.731000
4.391584 0.000000
4.392860 5.396000
4.394137 0.000000
4.395414 6.021000
4.396690 0.000000
4.397967 5.570000
4.399244 1.505000
4.400520 5.000000
4.401797 0.000000
4.403073 5.207000
4.404350 0.000000
4.405627 5.570000
4.406903 0.000000
4.408180 5.570000
4.409457 0.000000
4.410733 5.570000
4.412010 0.000000
4.413286 5.207000
4.414563 1.505000
4.415840 5.570000
4.417116 0.000000
4.418393 6.152000
4.419670 0.000000
4.420946 5.396000
4.422223 3.010000
4.423499 5.880000
4.424776 0.000000
4.426053 5.731000
4.427329 0.000000
4.428606 5.570000
4.429882 0.000000
4.431159 5.570000
4.432436 0.000000
4.433712 5.396000
4.434989 3.495000
4.436266 6.394000
4.437542 0.000000
4.438819 5.880000
4.440095 2.386000
4.441372 5.731000
4.442649 3.495000
4.443925 6.021000
4.445202 0.000000
4.446479 6.394000
4.447755 0.000000
4.449032 5.880000
4.450308 0.000000
4.451585 5.207000
4.452862 3.495000
4.454138 5.000000
4.455415 0.000000
4.456692 6.152000
4.457968 0.000000
4.459245 4.515000
4.460521 1.505000
4.461798 5.731000
4.463075 1.505000
4.464351 5.570000
4.465628 0.000000
4.466905 6.152000
4.468181 0.000000
4.469458 5.731000
4.470734 0.000000
4.472011 5.207000
4.473288 0.000000
4.474564 6.152000
4.475841 0.000000
4.477118 5.396000
4.478394 1.505000
4.479671 5.396000
4.480947 1.505000
4.482224 6.276000
4.483501 0.000000
4.484777 5.880000
4.486054 0.000000
4.487331 6.021000
4.488607 0.000000
4.489884 6.152000
4.491160 3.010000
4.492437 5.731000
4.493714 0.000000
4.494990 5.731000
4.496267 0.000000
4.497544 5.207000
4.498820 0.000000
4.500097 5.396000
4.501373 2.386000
4.502650 5.396000
4.503927 3.010000
4.505203 5.396000
4.506480 0.000000
4.507757 5.880000
4.509033 0.000000
4.510310 5.731000
4.511586 0.000000
4.512863 5.880000
4.514140 3.010000
4.515416 6.152000
4.516693 0.000000
4.517969 5.570000
4.519246 0.000000
4.520523 5.731000
4.521799 0.000000
4.523076 5.396000
4.524353 2.386000
4.525629 5.880000
4.526906 0.000000
4.528182 5.570000
4.529459 0.000000
4.530736 6.021000
4.532012 0.000000
4.533289 5.000000
4.534566 3.891000
4.535842 6.394000
4.537119 0.000000
4.538395 5.000000
4.539672 0.000000
4.540949 5.731000
4.542225 2.386000
4.543502 4.515000
4.544779 0.000000
4.546055 5.570000
4.547332 0.000000
4.548608 5.396000
4.549885 0.000000
4.551162 6.152000
4.552438 1.505000
4.553715 5.570000
4.554992 3.010000
4.556268 6.021000
4.557545 0.000000
4.558821 5.731000
4.560098 0.000000
4.561375 5.396000
4.562651 0.000000
4.563928 5.207000
4.565205 2.386000
4.566481 5.207000
4.567758 0.000000
4.569034 6.152000
4.570311 0.000000
4.571588 6.276000
4.572864 0.000000
4.574141 5.570000
4.575418 1.505000
4.576694 5.207000
4.577971 0.000000
4.579247 5.000000
4.580524 0.000000
4.581801 5.396000
4.583077 0.000000
4.584354 5.396000
4.585631 0.000000
4.586907 4.771000
4.588184 0.000000
4.589460 6.152000
4.590737 1.505000
4.592014 5.207000
4.593290 0.000000
4.594567 6.152000
4.595844 3.495000
4.597120 5.000000
4.598397 0.000000
4.599673 5.396000
4.600950 0.000000
4.602227 5.000000
4.603503 0.000000
4.604780 4.515000
4.606056 1.505000
4.607333 6.152000
4.608610 0.000000
4.609886 6.021000
4.611163 0.000000
4.612440 6.394000
4.613716 0.000000
4.614993 5.396000
4.616269 1.505000
4.617546 5.396000
4.618823 0.000000
4.620099 5.570000
4.621376 0.000000
4.622653 5.880000
4.623929 0.000000
4.625206 5.880000
4.626482 3.010000
4.627759 5.731000
4.629036 0.000000
4.630312 5.731000
4.631589 0.000000
4.632866 5.731000
4.634142 0.000000
4.635419 5.731000
4.636695 0.000000
4.637972 5.396000
4.639249 0.000000
4.640525 5.396000
4.641802 0.000000
4.643079 5.570000
4.644355 0.000000
4.645632 4.771000
4.646908 0.000000
4.648185 5.396000
4.649462 0.000000
4.650738 6.021000
4.652015 0.000000
4.653292 5.396000
4.654568 0.000000
4.655845 5.000000
4.657121 0.000000
4.658398 5.880000
4.659675 0.000000
4.660951 5.570000
4.662228 0.000000
4.663505 5.207000
4.664781 0.000000
4.666058 5.880000
4.667334 0.000000
4.668611 5.570000
4.669888 0.000000
4.671164 5.570000
4.672441 0.000000
4.673718 5.570000
4.674994 1.505000
4.676271 5.207000
4.677547 1.505000
4.678824 5.396000
4.680101 0.000000
4.681377 5.207000
4.682654 0.000000
4.683931 5.570000
4.685207 0.000000
4.686484 5.207000
4.687760 0.000000
4.689037 5.570000
4.690314 0.000000
4.691590 5.731000
4.692867 0.000000
4.694143 5.570000
4.695420 0.000000
4.696697 5.207000
4.697973 0.000000
4.699250 6.021000
4.700527 0.000000
4.701803 5.000000
4.703080 0.000000
4.704356 5.731000
4.705633 1.505000
4.706910 5.570000
4.708186 0.000000
4.709463 5.396000
4.710740 0.000000
4.712016 5.731000
4.713293 0.000000
4.714569 5.880000
4.715846 0.000000
4.717123 5.396000
4.718399 2.386000
4.719676 5.570000
4.720953 0.000000
4.722229 5.731000
4.723506 0.000000
4.724782 5.880000
4.726059 0.000000
4.727336 4.515000
4.728612 2.386000
4.729889 5.207000
4.731166 0.000000
4.732442 5.731000
4.733719 0.000000
4.734995 5.207000
4.736272 0.000000
4.737549 5.000000
4.738825 0.000000
4.740102 5.570000
4.741379 0.000000
4.742655 4.771000
4.743932 0.000000
4.745208 5.880000
4.746485 0.000000
4.747762 4.515000
4.749038 0.000000
4.750315 4.771000
4.751592 0.000000
4.752868 5.570000
4.754145 0.000000
4.755421 5.570000
4.756698 0.000000
4.757975 4.225000
4.759251 0.000000
4.760528 5.570000
4.761805 0.000000
4.763081 5.731000
4.764358 0.000000
4.765634 5.731000
4.766911 2.386000
4.768188 4.225000
4.769464 0.000000
4.770741 5.396000
4.772018 0.000000
4.773294 5.880000
4.774571 0.000000
4.775847 6.021000
4.777124 0.000000
4.778401 4.771000
4.779677 0.000000
4.780954 5.000000
4.782230 0.000000
4.783507 4.515000
4.784784 0.000000
4.786060 5.880000
4.787337 0.000000
4.788614 5.731000
4.789890 0.000000
4.791167 5.731000
4.792443 0.000000
4.793720 5.207000
4.794997 0.000000
4.796273 5.570000
4.797550 0.000000
4.798827 5.207000
4.800103 0.000000
4.801380 5.570000
4.802656 0.000000
4.803933 4.771000
4.805210 0.000000
4.806486 5.396000
4.807763 0.000000
4.809040 5.207000
4.810316 0.000000
4.811593 5.570000
4.812869 0.000000
4.814146 5.570000
4.815423 0.000000
4.816699 6.276000
4.817976 0.000000
4.819253 5.207000
4.820529 0.000000
4.821806 5.396000
4.823082 0.000000
4.824359 5.396000
4.825636 0.000000
4.826912 5.000000
4.828189 0.000000
4.829466 4.515000
4.830742 1.505000
4.832019 4.225000
4.833295 0.000000
4.834572 5.570000
4.835849 0.000000
4.837125 5.396000
4.838402 0.000000
4.839679 5.396000
4.840955 0.000000
4.842232 5.000000
4.843508 0.000000
4.844785 5.396000
4.846062 0.000000
4.847338 5.207000
4.848615 0.000000
4.849892 5.207000
4.851168 0.000000
4.852445 4.771000
4.853721 0.000000
4.854998 5.396000
4.856275 0.000000
4.857551 6.021000
4.858828 0.000000
4.860105 5.207000
4.861381 0.000000
4.862658 5.570000
4.863934 0.000000
4.865211 4.771000
4.866488 0.000000
4.867764 5.396000
4.869041 0.000000
4.870317 4.515000
4.871594 3.010000
4.872871 5.570000
4.874147 0.000000
4.875424 5.880000
4.876701 0.000000
4.877977 5.570000
4.879254 0.000000
4.880530 5.570000
4.881807 0.000000
4.883084 5.396000
4.884360 0.000000
4.885637 4.771000
4.886914 0.000000
4.888190 5.000000
4.889467 0.000000
4.890743 5.396000
4.892020 0.000000
4.893297 5.396000
4.894573 0.000000
4.895850 5.396000
4.897127 0.000000
4.898403 5.880000
4.899680 1.505000
4.900956 4.515000
4.902233 0.000000
4.903510 5.396000
4.904786 0.000000
4.906063 5.396000
4.907340 0.000000
4.908616 5.207000
4.909893 0.000000
4.911169 5.396000
4.912446 0.000000
4.913723 5.207000
4.914999 0.000000
4.916276 5.731000
4.917553 0.000000
4.918829 5.880000
4.920106 0.000000
4.921382 5.207000
4.922659 0.000000
4.923936 5.396000
4.925212 0.000000
4.926489 5.731000
4.927766 0.000000
4.929042 5.207000
4.930319 0.000000
4.931595 5.396000
4.932872 0.000000
4.934149 5.000000
4.935425 0.000000
4.936702 6.021000
4.937979 0.000000
4.939255 5.396000
4.940532 0.000000
4.941808 4.771000
4.943085 1.505000
4.944362 4.771000
4.945638 0.000000
4.946915 5.396000
4.948192 0.000000
4.949468 5.207000
4.950745 0.000000
4.952021 5.396000
4.953298 0.000000
4.954575 3.891000
4.955851 0.000000
4.957128 5.570000
4.958404 0.000000
4.959681 5.880000
4.960958 0.000000
4.962234 5.207000
4.963511 1.505000
4.964788 4.515000
4.966064 0.000000
4.967341 5.396000
4.968617 0.000000
4.969894 4.771000
4.971171 0.000000
4.972447 5.570000
4.973724 0.000000
4.975001 4.515000
4.976277 0.000000
4.977554 5.207000
4.978830 0.000000
4.980107 5.570000
4.981384 0.000000
4.982660 4.225000
4.983937 0.000000
4.985214 4.771000
4.986490 0.000000
4.987767 5.207000
4.989043 0.000000
4.990320 5.570000
4.991597 0.000000
4.992873 4.771000
4.994150 1.505000
4.995427 5.207000
4.996703 0.000000
4.997980 4.225000
